1.053579683859833693e+00
9.828408564401389658e-01
1.029934383027724998e+00
9.536133502956087860e-01
9.914512235779469052e-01
1.042637307614922682e+00
1.015606735697045959e+00
1.055112845043982839e+00
1.044024234332935119e+00
1.062262690200577842e+00
1.050744897253600652e+00
1.014643192041413400e+00
1.042715816436548648e+00
1.002801237467739082e+00
9.846736940027582818e-01
9.540700892344742279e-01
1.029762960152257323e+00
9.833728956262437482e-01
1.059185953149275106e+00
1.051810666151324458e+00
1.023505531101382315e+00
9.789797490981307915e-01
9.382450210790476142e-01
9.837872711065166476e-01
1.042014052488608344e+00
1.021807752330851526e+00
1.441668065110012886e+00
1.120860371215414597e+00
1.016666770882030058e+00
1.049004996197805184e+00
9.875784363028820012e-01
9.446530618232225063e-01
9.732331998625387559e-01
1.024849019539288530e+00
1.051471158510400183e+00
9.946334535224794493e-01
1.014127474724344280e+00
1.062714568488706046e+00
1.018471936459028448e+00
1.349546611067189872e+00
1.847009478543481187e+00
9.852276423616527223e-01
1.013700620090179250e+00
1.035187660368381835e+00
1.038863730504132388e+00
1.014797001996690318e+00
9.843118689859745585e-01
1.118466414900108008e+00
1.147950202417491017e+00
1.019883644360695119e+00
1.064780035944375758e+00
1.011650560543116528e+00
9.942889294730995475e-01
1.076668774990015898e+00
1.001391748051334574e+00
1.022929256400914255e+00
1.050918585640833847e+00
9.581416033576642954e-01
1.021579099241929134e+00
1.006158887658144430e+00
1.069591617883036694e+00
1.114873876421017540e+00
9.850975955573560983e-01
1.012653037509227971e+00
1.027475949302431690e+00
1.017699424776419725e+00
1.026621474192335626e+00
9.886925824115416761e-01
1.010790256130811748e+00
9.834723750552766264e-01
1.092615293482908756e+00
1.082247903117919297e+00
1.006116921354451632e+00
1.020856859449628562e+00
1.024402766688902400e+00
1.039725405729333252e+00
1.022974168737032175e+00
9.969604735874082468e-01
1.072527649149147777e+00
1.186631688078122915e+00
1.015006551910717647e+00
9.819772732998004461e-01
1.050836919944312609e+00
1.024449300215349634e+00
1.108369399699833391e+00
9.788366159621024742e-01
1.116160761214599839e+00
1.108436685752429485e+00
1.014728651292818640e+00
9.806425163921324017e-01
1.121937012095479247e+00
1.023870327468003438e+00
1.089736332784690287e+00
9.789264611083648981e-01
1.010086570916634452e+00
9.858372514585449498e-01
1.095472318388748922e+00
1.052875977436922739e+00
1.028737503822684474e+00
1.011058447957137396e+00
9.833031337957378604e-01
1.302315569366077064e+00
1.019302845773822686e+00
1.496475135021983371e+00
1.126495288344788070e+00
9.665737054455436628e-01
9.701635564960734426e-01
1.133715890192184883e+00
1.160787283491468314e+00
1.016737581813302871e+00
1.134190318603396586e+00
1.010405146811971688e+00
9.855852745630109268e-01
1.011686424909203019e+00
1.027843117747500701e+00
1.067120487962329722e+00
1.024098134391588921e+00
1.004743760318339341e+00
1.015170657018114930e+00
9.759225437954224258e-01
1.067206950421707212e+00
1.005897851523140263e+00
1.026206022529766448e+00
9.674290993756251567e-01
1.009660922632732216e+00
9.939170138861310733e-01
1.067019399293822168e+00
1.614322376863571273e+00
1.217310889839182009e+00
1.080480623715513566e+00
9.946046744168044462e-01
1.034947651963341375e+00
9.840817647505044619e-01
1.029366698308051165e+00
1.007062382917305543e+00
1.065610853337454866e+00
9.742825572363557063e-01
1.011086942244961540e+00
1.003535305630367080e+00
1.026163553613925972e+00
1.033493791818777430e+00
1.005027371586312501e+00
9.675023727877765101e-01
1.034608745955566844e+00
9.975139703989498452e-01
1.056503157277784544e+00
9.864828395753270085e-01
1.002056721214697133e+00
1.139352852129094540e+00
1.171293064747533696e+00
1.001995767986984642e+00
9.867497974433363517e-01
1.041843285611708136e+00
1.047993457477671919e+00
9.989579485124413516e-01
1.030466000517886282e+00
9.697492880130680337e-01
1.008186007676731721e+00
1.037713744249111558e+00
1.022341633005135142e+00
1.040978581055064023e+00
1.002546405183105893e+00
1.018444627954151471e+00
1.074849395718396439e+00
1.008192228512748256e+00
9.824726254360618416e-01
9.923816233203417436e-01
9.851562227969259400e-01
9.748806764770475697e-01
9.952100718083876085e-01
1.017484141669276365e+00
1.001196617092943830e+00
9.988561362234288366e-01
9.979880018803961583e-01
9.887705190846208803e-01
9.866762487757572142e-01
9.921307143800573991e-01
9.597692757617916071e-01
1.006873842628134730e+00
1.087946480372918856e+00
1.016260406353873824e+00
1.002442110053574531e+00
1.038821664811827583e+00
1.019653625422907606e+00
1.044486050683534950e+00
1.023972437167401717e+00
1.123939410000762473e+00
1.010613587105175126e+00
9.941150365356936636e-01
1.090064822897341745e+00
9.900729247367083818e-01
1.036424694091016008e+00
9.785981944134114485e-01
9.867782228868686722e-01
1.049967453455656896e+00
9.996430102260329686e-01
9.997686942661533349e-01
1.324596452254880319e+00
9.879366860588012500e-01
9.738279340498061654e-01
1.039095930879635699e+00
9.942874825843145414e-01
1.011845125240991905e+00
9.952628353751106216e-01
1.011267777361917863e+00
1.096532247937332061e+00
1.019487922474449526e+00
1.050037280794123618e+00
1.035733971033207856e+00
1.157275900537223512e+00
1.032899129129337235e+00
9.979121087539140067e-01
1.046916743123697202e+00
9.962594270632691984e-01
9.950163779565287525e-01
9.782136180313059093e-01
1.002075880066286784e+00
1.008220866138244132e+00
1.087505757235108561e+00
9.784639027130235256e-01
9.678210201379178201e-01
1.098353313368252371e+00
1.003124309203403675e+00
9.979946686163263525e-01
9.786068245454009329e-01
9.952912491213656843e-01
1.115639951162667343e+00
9.773674649324116670e-01
1.039273424704514781e+00
1.034714314548215830e+00
1.016563236497859846e+00
1.028684982707489093e+00
1.006163812864828033e+00
1.139044289925162934e+00
9.892179222268806527e-01
1.030578385000693542e+00
1.022561874828270545e+00
1.023889100100275229e+00
1.018470292518962594e+00
9.906702549003527647e-01
9.789195294792776281e-01
1.004113659209997955e+00
1.004965698607821034e+00
9.710082095279918279e-01
9.699064371821040087e-01
1.008403483869523054e+00
1.200283369689435942e+00
9.795785566628349983e-01
9.886250686645643437e-01
1.017480682161098882e+00
1.016243633191585172e+00
1.068747835683147462e+00
1.025373494415320330e+00
9.876198584604702901e-01
1.139168156645935737e+00
1.032190997153384693e+00
9.925577384164521177e-01
9.724327814565039141e-01
1.023995777801890439e+00
9.773215777643260438e-01
1.031287493005764500e+00
1.014672609886238641e+00
1.052486516033620534e+00
1.088030565944656081e+00
1.034760644775580829e+00
1.005320136374971085e+00
9.867540102042983152e-01
1.107923068801682565e+00
1.132889905670261710e+00
1.199448712732858802e+00
1.097739115414637867e+00
9.857889923594769233e-01
1.005605743072060854e+00
1.029999158014680782e+00
1.074671535046630266e+00
1.012761488006911126e+00
1.015256848146143254e+00
1.025956182587472787e+00
1.032915155530530482e+00
9.701269410320930708e-01
9.938809262631401742e-01
9.919466688113700581e-01
9.746275962769503920e-01
1.049066603185872193e+00
1.003458277373370455e+00
1.102217573947931184e+00
1.060385316271513778e+00
1.024320368188323949e+00
1.027649067970368257e+00
1.005844657983740342e+00
1.113062918316030991e+00
1.008409998736840674e+00
1.115667479262968609e+00
1.020796053932936820e+00
1.022427293858132247e+00
1.095862362508076560e+00
1.010081393386220494e+00
1.094014290736207151e+00
1.005670424435274324e+00
1.025457313525158121e+00
1.066057977989701921e+00
1.340594857393822670e+00
1.007266219121218054e+00
1.040286046294598643e+00
9.758426426141523224e-01
9.919403269657651734e-01
9.909603943192353270e-01
9.948431672333173381e-01
1.108489190755184817e+00
9.814072367905074534e-01
1.056257508362934860e+00
1.006828271842423517e+00
1.041306931956486048e+00
9.645089708703160625e-01
1.110440953708824896e+00
1.080039909109825391e+00
1.005056137562041263e+00
1.033959536492140785e+00
1.012356881466250025e+00
1.059890979497027264e+00
9.977473166361021661e-01
1.066428796809703039e+00
1.040054733803993159e+00
1.005209599508540164e+00
1.068323732587585395e+00
1.094718846946858726e+00
9.624752527603989138e-01
1.033978870576420794e+00
9.904033195009080970e-01
1.035021765392637683e+00
9.800379102895668826e-01
1.275786323060196237e+00
9.896416464321224904e-01
9.907029984616945173e-01
1.084188545492597466e+00
1.043811050734679391e+00
9.769123361709065589e-01
1.084988323805703203e+00
1.002379124440433422e+00
9.853391505402568917e-01
1.045697080002081725e+00
1.183929155525266452e+00
1.123839894480070045e+00
1.006544727093919622e+00
1.087712434149552987e+00
1.075712865585332079e+00
1.006491096528757456e+00
1.290562560342723986e+00
1.429982471746947370e+00
1.053060818815954702e+00
9.974602309104747544e-01
1.369058184488687990e+00
9.787026477889930742e-01
1.044599708280552708e+00
1.063175942105049510e+00
9.914972189274799952e-01
